<?xml version="1.0" encoding="utf-8"?>
<COLLADA xmlns="http://www.collada.org/2005/11/COLLADASchema" version="1.4.1">
  <asset>
    <contributor>
      <author>Mixamo</author>
      <authoring_tool>COLLADA Mixamo exporter</authoring_tool>
      <comments/>
    </contributor>
    <created>2024-01-20T19:13:10Z</created>
    <modified>2024-01-20T19:13:10Z</modified>
    <revision/>
    <title/>
    <unit meter="0.010000"/>
    <up_axis>Y_UP</up_axis>
  </asset>
  <library_animations>
    <animation id="mixamorig_Hips-anim" name="mixamorig_Hips">
      <source id="mixamorig_Hips-Matrix-animation-input">
        <float_array id="mixamorig_Hips-Matrix-animation-input-array" count="42">

0.000000 0.033333 0.066667 0.100000 0.133333 0.166667 0.200000 0.233333 0.266667 0.300000 0.333333 0.366667 0.400000 0.433333 0.466667 0.500000
0.533333 0.566667 0.600000 0.633333 0.666667 0.700000 0.733333 0.766667 0.800000 0.833333 0.866667 0.900000 0.933333 0.966667 1.000000 1.033333
1.066667 1.100000 1.133333 1.166667 1.200000 1.233333 1.266667 1.300000 1.333333 1.366667</float_array>
        <technique_common>
          <accessor source="#mixamorig_Hips-Matrix-animation-input-array" count="42">
            <param name="TIME" type="float"/>
          </accessor>
        </technique_common>
      </source>
      <source id="mixamorig_Hips-Matrix-animation-output-transform">
        <float_array id="mixamorig_Hips-Matrix-animation-output-transform-array" count="672">

0.998423 0.030197 0.047335 -0.037994 -0.029385 0.999411 -0.017753 92.028069 -0.047844 0.016334 0.998721 -0.305835 0.000000 0.000000 0.000000 1.000000
0.999138 0.029335 0.029381 -0.108571 -0.028816 0.999424 -0.017929 92.476349 -0.029890 0.017067 0.999407 3.577069 0.000000 0.000000 0.000000 1.000000
0.999430 0.031131 0.013058 -0.173105 -0.030908 0.999378 -0.016960 92.629868 -0.013578 0.016547 0.999771 7.443689 0.000000 0.000000 0.000000 1.000000
0.999430 0.033749 -0.000133 -0.196880 -0.033747 0.999323 -0.014648 92.491241 -0.000362 0.014644 0.999893 11.339318 0.000000 0.000000 0.000000 1.000000
0.999317 0.035492 -0.010332 -0.196143 -0.035614 0.999294 -0.011935 92.106873 0.009902 0.012295 0.999875 15.321115 0.000000 0.000000 0.000000 1.000000
0.999208 0.035315 -0.018330 -0.204713 -0.035508 0.999316 -0.010331 91.541000 0.017952 0.010974 0.999779 19.176897 0.000000 0.000000 0.000000 1.000000
0.999082 0.033872 -0.026232 -0.182731 -0.034156 0.999362 -0.010463 90.856087 0.025861 0.011349 0.999601 23.047300 0.000000 0.000000 0.000000 1.000000
0.998842 0.032403 -0.035564 -0.104402 -0.032850 0.999387 -0.012064 90.116608 0.035151 0.013218 0.999295 26.911224 0.000000 0.000000 0.000000 1.000000
0.998434 0.031744 -0.046060 0.023938 -0.032397 0.999384 -0.013508 89.327927 0.045603 0.014979 0.998847 30.836086 0.000000 0.000000 0.000000 1.000000
0.997914 0.031563 -0.056311 0.203253 -0.032366 0.999386 -0.013400 88.464661 0.055853 0.015194 0.998323 34.975197 0.000000 0.000000 0.000000 1.000000
0.997412 0.030745 -0.064987 0.487352 -0.031612 0.999424 -0.012347 87.463684 0.064570 0.014370 0.997810 39.515789 0.000000 0.000000 0.000000 1.000000
0.997106 0.027613 -0.070829 0.855871 -0.028583 0.999510 -0.012731 86.625305 0.070442 0.014719 0.997407 44.178040 0.000000 0.000000 0.000000 1.000000
0.997034 0.021677 -0.073844 1.175943 -0.022939 0.999604 -0.016287 86.154259 0.073461 0.017932 0.997137 48.831123 0.000000 0.000000 0.000000 1.000000
0.997229 0.013558 -0.073145 1.520141 -0.015238 0.999632 -0.022457 85.959061 0.072814 0.023510 0.997068 53.306999 0.000000 0.000000 0.000000 1.000000
0.997614 0.005086 -0.068844 1.856168 -0.007013 0.999590 -0.027773 85.985046 0.068675 0.028189 0.997241 57.600796 0.000000 0.000000 0.000000 1.000000
0.998068 -0.000754 -0.062133 2.155325 -0.001040 0.999583 -0.028842 86.346161 0.062129 0.028851 0.997651 61.566162 0.000000 0.000000 0.000000 1.000000
0.998463 -0.002598 -0.055358 2.508205 0.001174 0.999668 -0.025740 87.316780 0.055407 0.025636 0.998135 65.593307 0.000000 0.000000 0.000000 1.000000
0.998792 -0.000014 -0.049135 2.803698 -0.001004 0.999785 -0.020688 88.575546 0.049124 0.020713 0.998578 69.578720 0.000000 0.000000 0.000000 1.000000
0.999129 0.006167 -0.041267 2.998148 -0.006845 0.999844 -0.016301 89.896179 0.041160 0.016570 0.999015 73.575806 0.000000 0.000000 0.000000 1.000000
0.999509 0.014222 -0.027931 3.172726 -0.014628 0.999790 -0.014384 91.101593 0.027721 0.014786 0.999506 77.491547 0.000000 0.000000 0.000000 1.000000
0.999746 0.021208 -0.007667 3.310982 -0.021326 0.999651 -0.015565 92.121727 0.007335 0.015724 0.999849 81.465935 0.000000 0.000000 0.000000 1.000000
0.999565 0.023861 0.017350 3.399010 -0.023522 0.999534 -0.019479 92.758255 -0.017807 0.019063 0.999660 85.184708 0.000000 0.000000 0.000000 1.000000
0.998880 0.020804 0.042493 3.436056 -0.019768 0.999500 -0.024661 93.018127 -0.042985 0.023794 0.998792 88.901779 0.000000 0.000000 0.000000 1.000000
0.997909 0.013313 0.063252 3.438566 -0.011485 0.999509 -0.029164 92.847534 -0.063609 0.028376 0.997571 92.589607 0.000000 0.000000 0.000000 1.000000
0.996967 0.003970 0.077726 3.432595 -0.001502 0.999494 -0.031782 92.348495 -0.077813 0.031569 0.996468 96.472710 0.000000 0.000000 0.000000 1.000000
0.996174 -0.004540 0.087271 3.441735 0.007408 0.999442 -0.032562 91.588287 -0.087075 0.033084 0.995652 100.367950 0.000000 0.000000 0.000000 1.000000
0.995460 -0.011143 0.094525 3.433582 0.014256 0.999376 -0.032316 90.681587 -0.094105 0.033517 0.994998 104.342049 0.000000 0.000000 0.000000 1.000000
0.994592 -0.016128 0.102600 3.392041 0.019520 0.999293 -0.032139 89.732330 -0.102009 0.033967 0.994203 108.256058 0.000000 0.000000 0.000000 1.000000
0.993405 -0.019647 0.112961 3.329977 0.023480 0.999189 -0.032703 88.654861 -0.112227 0.035139 0.993061 112.287720 0.000000 0.000000 0.000000 1.000000
0.991941 -0.021433 0.124877 3.203735 0.025889 0.999081 -0.034166 87.637512 -0.124030 0.037123 0.991584 116.302620 0.000000 0.000000 0.000000 1.000000
0.990471 -0.020192 0.136232 2.937006 0.025420 0.999001 -0.036744 86.684982 -0.135354 0.039857 0.989995 120.599609 0.000000 0.000000 0.000000 1.000000
0.989445 -0.015054 0.144125 2.622370 0.021127 0.998948 -0.040696 86.030197 -0.143361 0.043312 0.988722 124.978058 0.000000 0.000000 0.000000 1.000000
0.989345 -0.005123 0.145502 2.247974 0.011998 0.998850 -0.046413 85.749191 -0.145097 0.047664 0.988269 129.480164 0.000000 0.000000 0.000000 1.000000
0.989955 0.008554 0.141125 1.873559 -0.001097 0.998603 -0.052831 85.712563 -0.141380 0.052146 0.988581 133.747879 0.000000 0.000000 0.000000 1.000000
0.990847 0.023632 0.132908 1.536007 -0.016096 0.998216 -0.057496 86.090454 -0.134030 0.054831 0.989459 137.982193 0.000000 0.000000 0.000000 1.000000
0.991442 0.037316 0.125102 1.140187 -0.030229 0.997854 -0.058081 86.716240 -0.127001 0.053802 0.990442 141.957336 0.000000 0.000000 0.000000 1.000000
0.991767 0.046107 0.119468 0.751881 -0.040020 0.997800 -0.052858 87.559631 -0.121642 0.047642 0.991430 145.954468 0.000000 0.000000 0.000000 1.000000
0.992293 0.048895 0.113857 0.509140 -0.044133 0.998057 -0.043980 88.630363 -0.115786 0.038617 0.992523 149.987366 0.000000 0.000000 0.000000 1.000000
0.993446 0.045858 0.104704 0.317398 -0.042510 0.998518 -0.033985 89.726295 -0.106107 0.029311 0.993923 154.223206 0.000000 0.000000 0.000000 1.000000
0.995070 0.040305 0.090615 0.165165 -0.038135 0.998946 -0.025550 90.660194 -0.091550 0.021968 0.995558 158.331543 0.000000 0.000000 0.000000 1.000000
0.996886 0.034509 0.070899 0.064684 -0.033150 0.999245 -0.020256 91.471169 -0.071545 0.017843 0.997278 162.507889 0.000000 0.000000 0.000000 1.000000
0.998423 0.030197 0.047335 -0.037993 -0.029385 0.999411 -0.017753 92.028069 -0.047844 0.016334 0.998721 166.449997 0.000000 0.000000 0.000000 1.000000</float_array>
        <technique_common>
          <accessor source="#mixamorig_Hips-Matrix-animation-output-transform-array" count="42" stride="16">
            <param type="float4x4"/>
          </accessor>
        </technique_common>
      </source>
      <source id="mixamorig_Hips-Interpolations">
        <Name_array id="mixamorig_Hips-Interpolations-array" count="42">
 LINEAR LINEAR LINEAR LINEAR LINEAR LINEAR LINEAR LINEAR LINEAR LINEAR LINEAR
LINEAR LINEAR LINEAR LINEAR LINEAR LINEAR LINEAR LINEAR LINEAR LINEAR LINEAR LINEAR
LINEAR LINEAR LINEAR LINEAR LINEAR LINEAR LINEAR LINEAR LINEAR LINEAR LINEAR LINEAR
LINEAR LINEAR LINEAR LINEAR LINEAR LINEAR LINEAR</Name_array>
        <technique_common>
          <accessor source="#mixamorig_Hips-Interpolations-array" count="42">
            <param type="name"/>
          </accessor>
        </technique_common>
      </source>
      <sampler id="mixamorig_Hips-Matrix-animation-transform">
        <input semantic="INPUT" source="#mixamorig_Hips-Matrix-animation-input"/>
        <input semantic="OUTPUT" source="#mixamorig_Hips-Matrix-animation-output-transform"/>
        <input semantic="INTERPOLATION" source="#mixamorig_Hips-Interpolations"/>
      </sampler>
      <channel source="#mixamorig_Hips-Matrix-animation-transform" target="mixamorig_Hips/matrix"/>
    </animation>
    <animation id="mixamorig_Spine-anim" name="mixamorig_Spine">
      <source id="mixamorig_Spine-Matrix-animation-input">
        <float_array id="mixamorig_Spine-Matrix-animation-input-array" count="42">

0.000000 0.033333 0.066667 0.100000 0.133333 0.166667 0.200000 0.233333 0.266667 0.300000 0.333333 0.366667 0.400000 0.433333 0.466667 0.500000
0.533333 0.566667 0.600000 0.633333 0.666667 0.700000 0.733333 0.766667 0.800000 0.833333 0.866667 0.900000 0.933333 0.966667 1.000000 1.033333
1.066667 1.100000 1.133333 1.166667 1.200000 1.233333 1.266667 1.300000 1.333333 1.366667</float_array>
        <technique_common>
          <accessor source="#mixamorig_Spine-Matrix-animation-input-array" count="42">
            <param name="TIME" type="float"/>
          </accessor>
        </technique_common>
      </source>
      <source id="mixamorig_Spine-Matrix-animation-output-transform">
        <float_array id="mixamorig_Spine-Matrix-animation-output-transform-array" count="672">

0.999951 -0.008436 0.005161 0.000000 0.008042 0.997364 0.072109 12.342300 -0.005755 -0.072064 0.997383 -0.934100 0.000000 0.000000 0.000000 1.000000
0.999934 -0.005925 0.009855 0.000000 0.005202 0.997400 0.071874 12.342300 -0.010256 -0.071818 0.997365 -0.934100 0.000000 0.000000 0.000000 1.000000
0.999893 -0.003898 0.014127 0.000000 0.002888 0.997485 0.070818 12.342300 -0.014368 -0.070770 0.997389 -0.934100 0.000000 0.000000 0.000000 1.000000
0.999840 -0.003056 0.017628 0.000000 0.001821 0.997569 0.069668 12.342300 -0.017798 -0.069625 0.997414 -0.934100 0.000000 0.000000 0.000000 1.000000
0.999787 -0.002245 0.020528 0.000000 0.000826 0.997625 0.068873 12.342300 -0.020633 -0.068841 0.997414 -0.934100 0.000000 0.000000 0.000000 1.000000
0.999733 -0.000998 0.023099 -0.000000 -0.000570 0.997702 0.067757 12.342300 -0.023113 -0.067752 0.997434 -0.934100 0.000000 0.000000 0.000000 1.000000
0.999671 0.000617 0.025647 0.000000 -0.002340 0.997737 0.067200 12.342300 -0.025548 -0.067238 0.997410 -0.934100 0.000000 0.000000 0.000000 1.000000
0.999590 0.002243 0.028528 0.000000 -0.004162 0.997718 0.067394 12.342300 -0.028311 -0.067485 0.997319 -0.934100 0.000000 0.000000 0.000000 1.000000
0.999488 0.003738 0.031762 0.000000 -0.005874 0.997707 0.067433 12.342300 -0.031437 -0.067585 0.997218 -0.934100 0.000000 0.000000 0.000000 1.000000
0.999376 0.004964 0.034985 -0.000000 -0.007322 0.997684 0.067622 12.342300 -0.034568 -0.067836 0.997097 -0.934100 0.000000 0.000000 0.000000 1.000000
0.999265 0.006155 0.037831 0.000000 -0.008732 0.997624 0.068339 12.342300 -0.037320 -0.068619 0.996945 -0.934100 0.000000 0.000000 0.000000 1.000000
0.999183 0.007365 0.039742 -0.000000 -0.010131 0.997506 0.069845 12.342300 -0.039129 -0.070191 0.996766 -0.934100 0.000000 0.000000 0.000000 1.000000
0.999129 0.009134 0.040727 -0.000000 -0.012093 0.997258 0.073003 12.342300 -0.039948 -0.073432 0.996500 -0.934100 0.000000 0.000000 0.000000 1.000000
0.999110 0.011920 0.040469 0.000000 -0.015008 0.996928 0.076877 12.342300 -0.039428 -0.077416 0.996219 -0.934100 0.000000 0.000000 0.000000 1.000000
0.999128 0.015327 0.038847 0.000000 -0.018393 0.996638 0.079839 12.342300 -0.037492 -0.080484 0.996051 -0.934100 0.000000 0.000000 0.000000 1.000000
0.999224 0.016796 0.035629 0.000000 -0.019592 0.996632 0.079624 12.342300 -0.034171 -0.080260 0.996188 -0.934100 0.000000 0.000000 0.000000 1.000000
0.999362 0.016756 0.031543 0.000000 -0.019174 0.996769 0.077996 12.342300 -0.030134 -0.078551 0.996455 -0.934100 0.000000 0.000000 0.000000 1.000000
0.999512 0.015774 0.026953 0.000000 -0.017784 0.996947 0.076027 12.342300 -0.025671 -0.076470 0.996741 -0.934100 0.000000 0.000000 0.000000 1.000000
0.999666 0.013849 0.021819 0.000000 -0.015445 0.997082 0.074759 12.342300 -0.020720 -0.075071 0.996963 -0.934100 0.000000 0.000000 0.000000 1.000000
0.999822 0.010498 0.015697 0.000000 -0.011629 0.997209 0.073755 12.342300 -0.014879 -0.073924 0.997153 -0.934100 0.000000 0.000000 0.000000 1.000000
0.999934 0.007381 0.008774 0.000000 -0.008006 0.997262 0.073510 12.342300 -0.008207 -0.073576 0.997256 -0.934100 0.000000 0.000000 0.000000 1.000000
0.999985 0.005297 0.001686 -0.000000 -0.005405 0.997326 0.072885 12.342300 -0.001295 -0.072893 0.997339 -0.934100 0.000000 0.000000 0.000000 1.000000
0.999978 0.004760 -0.004590 0.000000 -0.004414 0.997355 0.072545 12.342300 0.004923 -0.072523 0.997355 -0.934100 0.000000 0.000000 0.000000 1.000000
0.999943 0.005053 -0.009407 -0.000000 -0.004364 0.997404 0.071873 12.342300 0.009746 -0.071827 0.997369 -0.934100 0.000000 0.000000 0.000000 1.000000
0.999905 0.005376 -0.012659 0.000000 -0.004460 0.997445 0.071299 12.342300 0.013010 -0.071236 0.997375 -0.934100 0.000000 0.000000 0.000000 1.000000
0.999877 0.004766 -0.014961 0.000000 -0.003707 0.997536 0.070054 12.342300 0.015258 -0.069990 0.997431 -0.934100 0.000000 0.000000 0.000000 1.000000
0.999850 0.004116 -0.016830 -0.000000 -0.002948 0.997623 0.068849 12.342300 0.017073 -0.068789 0.997485 -0.934100 0.000000 0.000000 0.000000 1.000000
0.999814 0.003349 -0.019013 0.000000 -0.002053 0.997698 0.067778 12.342300 0.019197 -0.067726 0.997519 -0.934100 0.000000 0.000000 0.000000 1.000000
0.999761 0.002140 -0.021777 0.000000 -0.000671 0.997736 0.067246 12.342300 0.021872 -0.067215 0.997499 -0.934100 0.000000 0.000000 0.000000 1.000000
0.999691 0.000650 -0.024857 0.000000 0.001021 0.997744 0.067127 12.342300 0.024844 -0.067132 0.997435 -0.934100 0.000000 0.000000 0.000000 1.000000
0.999619 -0.000479 -0.027594 0.000000 0.002369 0.997649 0.068489 12.342300 0.027496 -0.068528 0.997270 -0.934100 0.000000 0.000000 0.000000 1.000000
0.999566 -0.002301 -0.029383 0.000000 0.004379 0.997479 0.070832 12.342300 0.029146 -0.070930 0.997055 -0.934100 0.000000 0.000000 0.000000 1.000000
0.999556 -0.004141 -0.029503 0.000000 0.006342 0.997168 0.074934 12.342300 0.029110 -0.075088 0.996752 -0.934100 0.000000 0.000000 0.000000 1.000000
0.999574 -0.006807 -0.028391 0.000000 0.009019 0.996871 0.078534 12.342300 0.027768 -0.078756 0.996507 -0.934100 0.000000 0.000000 0.000000 1.000000
0.999604 -0.010529 -0.026081 0.000000 0.012606 0.996648 0.080829 12.342300 0.025143 -0.081126 0.996387 -0.934100 0.000000 0.000000 0.000000 1.000000
0.999625 -0.014215 -0.023396 0.000000 0.016058 0.996621 0.080555 12.342300 0.022172 -0.080901 0.996476 -0.934100 0.000000 0.000000 0.000000 1.000000
0.999647 -0.016722 -0.020651 -0.000000 0.018308 0.996693 0.079164 12.342300 0.019259 -0.079514 0.996648 -0.934100 0.000000 0.000000 0.000000 1.000000
0.999690 -0.017817 -0.017373 0.000000 0.019101 0.996864 0.076788 12.342300 0.015950 -0.077096 0.996896 -0.934100 0.000000 0.000000 0.000000 1.000000
0.999781 -0.016440 -0.012980 -0.000000 0.017369 0.997032 0.075009 12.342300 0.011709 -0.075218 0.997098 -0.934100 0.000000 0.000000 0.000000 1.000000
0.999874 -0.013961 -0.007562 0.000000 0.014477 0.997211 0.073216 12.342300 0.006519 -0.073316 0.997287 -0.934100 0.000000 0.000000 0.000000 1.000000
0.999937 -0.011137 -0.001370 -0.000000 0.011207 0.997280 0.072848 12.342300 0.000555 -0.072859 0.997342 -0.934100 0.000000 0.000000 0.000000 1.000000
0.999951 -0.008436 0.005161 0.000000 0.008042 0.997364 0.072109 12.342300 -0.005756 -0.072064 0.997383 -0.934100 0.000000 0.000000 0.000000 1.000000</float_array>
        <technique_common>
          <accessor source="#mixamorig_Spine-Matrix-animation-output-transform-array" count="42" stride="16">
            <param type="float4x4"/>
          </accessor>
        </technique_common>
      </source>
      <source id="mixamorig_Spine-Interpolations">
        <Name_array id="mixamorig_Spine-Interpolations-array" count="42">
 LINEAR LINEAR LINEAR LINEAR LINEAR LINEAR LINEAR LINEAR LINEAR LINEAR LINEAR
LINEAR LINEAR LINEAR LINEAR LINEAR LINEAR LINEAR LINEAR LINEAR LINEAR LINEAR LINEAR
LINEAR LINEAR LINEAR LINEAR LINEAR LINEAR LINEAR LINEAR LINEAR LINEAR LINEAR LINEAR
LINEAR LINEAR LINEAR LINEAR LINEAR LINEAR LINEAR</Name_array>
        <technique_common>
          <accessor source="#mixamorig_Spine-Interpolations-array" count="42">
            <param type="name"/>
          </accessor>
        </technique_common>
      </source>
      <sampler id="mixamorig_Spine-Matrix-animation-transform">
        <input semantic="INPUT" source="#mixamorig_Spine-Matrix-animation-input"/>
        <input semantic="OUTPUT" source="#mixamorig_Spine-Matrix-animation-output-transform"/>
        <input semantic="INTERPOLATION" source="#mixamorig_Spine-Interpolations"/>
      </sampler>
      <channel source="#mixamorig_Spine-Matrix-animation-transform" target="mixamorig_Spine/matrix"/>
    </animation>
    <animation id="mixamorig_Spine1-anim" name="mixamorig_Spine1">
      <source id="mixamorig_Spine1-Matrix-animation-input">
        <float_array id="mixamorig_Spine1-Matrix-animation-input-array" count="42">

0.000000 0.033333 0.066667 0.100000 0.133333 0.166667 0.200000 0.233333 0.266667 0.300000 0.333333 0.366667 0.400000 0.433333 0.466667 0.500000
0.533333 0.566667 0.600000 0.633333 0.666667 0.700000 0.733333 0.766667 0.800000 0.833333 0.866667 0.900000 0.933333 0.966667 1.000000 1.033333
1.066667 1.100000 1.133333 1.166667 1.200000 1.233333 1.266667 1.300000 1.333333 1.366667</float_array>
        <technique_common>
          <accessor source="#mixamorig_Spine1-Matrix-animation-input-array" count="42">
            <param name="TIME" type="float"/>
          </accessor>
        </technique_common>
      </source>
      <source id="mixamorig_Spine1-Matrix-animation-output-transform">
        <float_array id="mixamorig_Spine1-Matrix-animation-output-transform-array" count="672">

0.999889 -0.009559 0.011396 -0.000000 0.009636 0.999931 -0.006717 14.440500 -0.011331 0.006826 0.999913 0.000000 0.000000 0.000000 0.000000 1.000000
0.999778 -0.005338 0.020365 0.000000 0.005486 0.999959 -0.007211 14.440500 -0.020326 0.007321 0.999767 0.000000 0.000000 0.000000 0.000000 1.000000
0.999589 -0.002262 0.028563 0.000000 0.002530 0.999953 -0.009347 14.440500 -0.028540 0.009416 0.999548 0.000000 0.000000 0.000000 0.000000 1.000000
0.999375 -0.001473 0.035326 0.000000 0.001886 0.999930 -0.011653 14.440500 -0.035307 0.011713 0.999308 0.000000 0.000000 0.000000 0.000000 1.000000
0.999160 -0.000641 0.040982 0.000000 0.001185 0.999912 -0.013243 14.440500 -0.040970 0.013280 0.999072 0.000000 0.000000 0.000000 0.000000 1.000000
0.998936 0.001159 0.046110 0.000000 -0.000445 0.999880 -0.015485 14.440500 -0.046122 0.015448 0.998816 0.000000 0.000000 0.000000 0.000000 1.000000
0.998664 0.003552 0.051552 0.000000 -0.002698 0.999858 -0.016609 14.440500 -0.051604 0.016448 0.998532 0.000000 0.000000 0.000000 0.000000 1.000000
0.998301 0.006217 0.057932 0.000000 -0.005284 0.999854 -0.016242 14.440500 -0.058024 0.015908 0.998188 0.000000 0.000000 0.000000 0.000000 1.000000
0.997847 0.009041 0.064955 -0.000000 -0.008004 0.999837 -0.016203 14.440500 -0.065091 0.015648 0.997757 0.000000 0.000000 0.000000 0.000000 1.000000
0.997355 0.011337 0.071794 -0.000000 -0.010223 0.999822 -0.015859 14.440500 -0.071961 0.015083 0.997293 0.000000 0.000000 0.000000 0.000000 1.000000
0.996890 0.013501 0.077647 -0.000000 -0.012414 0.999818 -0.014462 14.440500 -0.077828 0.013453 0.996876 0.000000 0.000000 0.000000 0.000000 1.000000
0.996557 0.015443 0.081460 0.000000 -0.014556 0.999828 -0.011473 14.440500 -0.081623 0.010248 0.996611 0.000000 0.000000 0.000000 0.000000 1.000000
0.996385 0.018265 0.082962 -0.000000 -0.017896 0.999826 -0.005189 14.440500 -0.083042 0.003686 0.996539 0.000000 0.000000 0.000000 0.000000 1.000000
0.996413 0.022984 0.081439 0.000000 -0.023264 0.999726 0.002501 14.440500 -0.081359 -0.004387 0.996675 0.000000 0.000000 0.000000 0.000000 1.000000
0.996645 0.027939 0.076924 0.000000 -0.028670 0.999554 0.008414 14.440500 -0.076655 -0.010591 0.997001 0.000000 0.000000 0.000000 0.000000 1.000000
0.997166 0.028920 0.069458 0.000000 -0.029549 0.999531 0.008054 14.440500 -0.069193 -0.010083 0.997552 0.000000 0.000000 0.000000 0.000000 1.000000
0.997784 0.027379 0.060646 -0.000000 -0.027726 0.999604 0.004881 14.440500 -0.060489 -0.006551 0.998147 0.000000 0.000000 0.000000 0.000000 1.000000
0.998372 0.024723 0.051396 -0.000000 -0.024807 0.999692 0.001003 14.440500 -0.051355 -0.002276 0.998678 0.000000 0.000000 0.000000 0.000000 1.000000
0.998919 0.020964 0.041481 0.000000 -0.020920 0.999780 -0.001494 14.440500 -0.041503 0.000625 0.999138 0.000000 0.000000 0.000000 0.000000 1.000000
0.999441 0.015123 0.029830 0.000000 -0.015026 0.999881 -0.003470 14.440500 -0.029879 0.003019 0.999549 0.000000 0.000000 0.000000 0.000000 1.000000
0.999810 0.010218 0.016595 -0.000000 -0.010154 0.999941 -0.003947 14.440500 -0.016634 0.003778 0.999855 0.000000 0.000000 0.000000 0.000000 1.000000
0.999969 0.007350 0.002887 0.000000 -0.007335 0.999960 -0.005198 14.440500 -0.002925 0.005176 0.999982 0.000000 0.000000 0.000000 0.000000 1.000000
0.999930 0.007223 -0.009390 0.000000 -0.007278 0.999956 -0.005867 14.440500 0.009347 0.005935 0.999939 0.000000 0.000000 0.000000 0.000000 1.000000
0.999785 0.008524 -0.018881 0.000000 -0.008661 0.999937 -0.007187 14.440500 0.018818 0.007349 0.999796 0.000000 0.000000 0.000000 0.000000 1.000000
0.999632 0.009679 -0.025344 -0.000000 -0.009892 0.999917 -0.008307 14.440500 0.025261 0.008554 0.999644 0.000000 0.000000 0.000000 0.000000 1.000000
0.999511 0.008904 -0.029987 -0.000000 -0.009231 0.999899 -0.010784 14.440500 0.029888 0.011055 0.999492 0.000000 0.000000 0.000000 0.000000 1.000000
0.999387 0.007917 -0.034090 0.000000 -0.008371 0.999878 -0.013187 14.440500 0.033982 0.013465 0.999332 0.000000 0.000000 0.000000 0.000000 1.000000
0.999220 0.006473 -0.038963 0.000000 -0.007075 0.999857 -0.015328 14.440500 0.038859 0.015592 0.999123 -0.000000 0.000000 0.000000 0.000000 1.000000
0.998978 0.004090 -0.045014 0.000000 -0.004833 0.999854 -0.016399 14.440500 0.044941 0.016600 0.998852 0.000000 0.000000 0.000000 0.000000 1.000000
0.998667 0.001190 -0.051605 -0.000000 -0.002052 0.999859 -0.016650 14.440500 0.051578 0.016733 0.998529 0.000000 0.000000 0.000000 0.000000 1.000000
0.998352 -0.000843 -0.057378 -0.000000 0.000043 0.999903 -0.013931 14.440500 0.057384 0.013905 0.998255 0.000000 0.000000 0.000000 0.000000 1.000000
0.998123 -0.004129 -0.061107 0.000000 0.003570 0.999951 -0.009268 14.440500 0.061142 0.009033 0.998088 0.000000 0.000000 0.000000 0.000000 1.000000
0.998099 -0.007347 -0.061199 -0.000000 0.007294 0.999973 -0.001088 14.440500 0.061205 0.000639 0.998125 0.000000 0.000000 0.000000 0.000000 1.000000
0.998248 -0.011656 -0.058002 0.000000 0.012029 0.999909 0.006094 14.440500 0.057925 -0.006781 0.998298 0.000000 0.000000 0.000000 0.000000 1.000000
0.998463 -0.018101 -0.052377 0.000000 0.018683 0.999769 0.010644 14.440500 0.052173 -0.011606 0.998571 0.000000 0.000000 0.000000 0.000000 1.000000
0.998674 -0.023424 -0.045840 0.000000 0.023911 0.999663 0.010105 14.440500 0.045588 -0.011188 0.998898 0.000000 0.000000 0.000000 0.000000 1.000000
0.998910 -0.025472 -0.039104 -0.000000 0.025780 0.999640 0.007387 14.440500 0.038902 -0.008387 0.999208 0.000000 0.000000 0.000000 0.000000 1.000000
0.999156 -0.025827 -0.031956 0.000000 0.025925 0.999660 0.002670 14.440500 0.031876 -0.003496 0.999486 0.000000 0.000000 0.000000 0.000000 1.000000
0.999464 -0.022952 -0.023333 0.000000 0.022938 0.999737 -0.000876 14.440500 0.023347 0.000341 0.999727 0.000000 0.000000 0.000000 0.000000 1.000000
0.999734 -0.019002 -0.013037 -0.000000 0.018945 0.999811 -0.004474 14.440500 0.013120 0.004226 0.999905 0.000000 0.000000 0.000000 0.000000 1.000000
0.999896 -0.014361 -0.001200 0.000000 0.014355 0.999883 -0.005218 14.440500 0.001275 0.005200 0.999986 0.000000 0.000000 0.000000 0.000000 1.000000
0.999889 -0.009560 0.011396 0.000000 0.009636 0.999931 -0.006716 14.440500 -0.011331 0.006825 0.999913 0.000000 0.000000 0.000000 0.000000 1.000000</float_array>
        <technique_common>
          <accessor source="#mixamorig_Spine1-Matrix-animation-output-transform-array" count="42" stride="16">
            <param type="float4x4"/>
          </accessor>
        </technique_common>
      </source>
      <source id="mixamorig_Spine1-Interpolations">
        <Name_array id="mixamorig_Spine1-Interpolations-array" count="42">
 LINEAR LINEAR LINEAR LINEAR LINEAR LINEAR LINEAR LINEAR LINEAR LINEAR LINEAR
LINEAR LINEAR LINEAR LINEAR LINEAR LINEAR LINEAR LINEAR LINEAR LINEAR LINEAR LINEAR
LINEAR LINEAR LINEAR LINEAR LINEAR LINEAR LINEAR LINEAR LINEAR LINEAR LINEAR LINEAR
LINEAR LINEAR LINEAR LINEAR LINEAR LINEAR LINEAR</Name_array>
        <technique_common>
          <accessor source="#mixamorig_Spine1-Interpolations-array" count="42">
            <param type="name"/>
          </accessor>
        </technique_common>
      </source>
      <sampler id="mixamorig_Spine1-Matrix-animation-transform">
        <input semantic="INPUT" source="#mixamorig_Spine1-Matrix-animation-input"/>
        <input semantic="OUTPUT" source="#mixamorig_Spine1-Matrix-animation-output-transform"/>
        <input semantic="INTERPOLATION" source="#mixamorig_Spine1-Interpolations"/>
      </sampler>
      <channel source="#mixamorig_Spine1-Matrix-animation-transform" target="mixamorig_Spine1/matrix"/>
    </animation>
    <animation id="mixamorig_Spine2-anim" name="mixamorig_Spine2">
      <source id="mixamorig_Spine2-Matrix-animation-input">
        <float_array id="mixamorig_Spine2-Matrix-animation-input-array" count="42">

0.000000 0.033333 0.066667 0.100000 0.133333 0.166667 0.200000 0.233333 0.266667 0.300000 0.333333 0.366667 0.400000 0.433333 0.466667 0.500000
0.533333 0.566667 0.600000 0.633333 0.666667 0.700000 0.733333 0.766667 0.800000 0.833333 0.866667 0.900000 0.933333 0.966667 1.000000 1.033333
1.066667 1.100000 1.133333 1.166667 1.200000 1.233333 1.266667 1.300000 1.333333 1.366667</float_array>
        <technique_common>
          <accessor source="#mixamorig_Spine2-Matrix-animation-input-array" count="42">
            <param name="TIME" type="float"/>
          </accessor>
        </technique_common>
      </source>
      <source id="mixamorig_Spine2-Matrix-animation-output-transform">
        <float_array id="mixamorig_Spine2-Matrix-animation-output-transform-array" count="672">

0.999889 -0.009559 0.011396 0.000000 0.009636 0.999931 -0.006717 16.503401 -0.011331 0.006826 0.999913 0.000000 0.000000 0.000000 0.000000 1.000000
0.999778 -0.005338 0.020365 -0.000000 0.005486 0.999959 -0.007211 16.503401 -0.020326 0.007321 0.999767 0.000000 0.000000 0.000000 0.000000 1.000000
0.999589 -0.002262 0.028563 -0.000000 0.002530 0.999953 -0.009347 16.503401 -0.028540 0.009416 0.999548 0.000000 0.000000 0.000000 0.000000 1.000000
0.999375 -0.001473 0.035326 0.000000 0.001886 0.999930 -0.011653 16.503401 -0.035307 0.011712 0.999308 0.000000 0.000000 0.000000 0.000000 1.000000
0.999160 -0.000641 0.040982 0.000000 0.001185 0.999912 -0.013243 16.503401 -0.040970 0.013280 0.999072 0.000000 0.000000 0.000000 0.000000 1.000000
0.998936 0.001159 0.046110 0.000000 -0.000445 0.999880 -0.015485 16.503401 -0.046122 0.015448 0.998816 0.000000 0.000000 0.000000 0.000000 1.000000
0.998664 0.003552 0.051552 0.000000 -0.002698 0.999858 -0.016609 16.503401 -0.051604 0.016448 0.998532 0.000000 0.000000 0.000000 0.000000 1.000000
0.998301 0.006217 0.057932 0.000000 -0.005284 0.999854 -0.016242 16.503401 -0.058024 0.015908 0.998188 0.000000 0.000000 0.000000 0.000000 1.000000
0.997847 0.009041 0.064955 -0.000000 -0.008004 0.999837 -0.016203 16.503401 -0.065091 0.015648 0.997757 -0.000000 0.000000 0.000000 0.000000 1.000000
0.997355 0.011337 0.071794 0.000000 -0.010223 0.999822 -0.015859 16.503401 -0.071961 0.015083 0.997293 -0.000000 0.000000 0.000000 0.000000 1.000000
0.996890 0.013501 0.077647 0.000000 -0.012414 0.999818 -0.014462 16.503401 -0.077828 0.013453 0.996876 0.000000 0.000000 0.000000 0.000000 1.000000
0.996557 0.015443 0.081460 -0.000000 -0.014556 0.999828 -0.011473 16.503401 -0.081623 0.010248 0.996611 -0.000000 0.000000 0.000000 0.000000 1.000000
0.996385 0.018265 0.082962 0.000000 -0.017896 0.999826 -0.005189 16.503401 -0.083042 0.003686 0.996539 0.000000 0.000000 0.000000 0.000000 1.000000
0.996413 0.022984 0.081439 -0.000000 -0.023264 0.999726 0.002501 16.503401 -0.081359 -0.004387 0.996675 0.000000 0.000000 0.000000 0.000000 1.000000
0.996645 0.027939 0.076924 0.000000 -0.028670 0.999554 0.008414 16.503401 -0.076655 -0.010591 0.997001 0.000000 0.000000 0.000000 0.000000 1.000000
0.997166 0.028920 0.069458 0.000000 -0.029549 0.999531 0.008054 16.503401 -0.069193 -0.010083 0.997552 -0.000000 0.000000 0.000000 0.000000 1.000000
0.997784 0.027379 0.060646 0.000000 -0.027726 0.999604 0.004881 16.503401 -0.060489 -0.006551 0.998147 0.000000 0.000000 0.000000 0.000000 1.000000
0.998372 0.024723 0.051396 0.000000 -0.024807 0.999692 0.001003 16.503401 -0.051355 -0.002276 0.998678 -0.000000 0.000000 0.000000 0.000000 1.000000
0.998919 0.020964 0.041481 0.000000 -0.020920 0.999780 -0.001494 16.503401 -0.041503 0.000625 0.999138 0.000000 0.000000 0.000000 0.000000 1.000000
0.999441 0.015123 0.029830 0.000000 -0.015026 0.999881 -0.003470 16.503401 -0.029879 0.003019 0.999549 0.000000 0.000000 0.000000 0.000000 1.000000
0.999810 0.010218 0.016595 0.000000 -0.010154 0.999941 -0.003947 16.503401 -0.016634 0.003778 0.999855 0.000000 0.000000 0.000000 0.000000 1.000000
0.999969 0.007350 0.002887 0.000000 -0.007335 0.999960 -0.005198 16.503401 -0.002925 0.005176 0.999982 0.000000 0.000000 0.000000 0.000000 1.000000
0.999930 0.007223 -0.009390 -0.000000 -0.007278 0.999956 -0.005867 16.503401 0.009347 0.005935 0.999939 -0.000000 0.000000 0.000000 0.000000 1.000000
0.999785 0.008524 -0.018881 -0.000000 -0.008661 0.999937 -0.007187 16.503401 0.018818 0.007349 0.999796 -0.000000 0.000000 0.000000 0.000000 1.000000
0.999632 0.009679 -0.025344 0.000000 -0.009892 0.999917 -0.008307 16.503401 0.025261 0.008554 0.999644 0.000000 0.000000 0.000000 0.000000 1.000000
0.999511 0.008904 -0.029987 0.000000 -0.009231 0.999899 -0.010784 16.503401 0.029888 0.011055 0.999492 0.000000 0.000000 0.000000 0.000000 1.000000
0.999387 0.007917 -0.034090 -0.000000 -0.008371 0.999878 -0.013187 16.503401 0.033982 0.013465 0.999332 0.000000 0.000000 0.000000 0.000000 1.000000
0.999220 0.006473 -0.038963 -0.000000 -0.007075 0.999857 -0.015328 16.503401 0.038859 0.015592 0.999123 0.000000 0.000000 0.000000 0.000000 1.000000
0.998978 0.004090 -0.045014 0.000000 -0.004833 0.999854 -0.016399 16.503401 0.044941 0.016600 0.998852 0.000000 0.000000 0.000000 0.000000 1.000000
0.998667 0.001190 -0.051605 0.000000 -0.002052 0.999859 -0.016650 16.503401 0.051578 0.016733 0.998529 0.000000 0.000000 0.000000 0.000000 1.000000
0.998352 -0.000843 -0.057378 0.000000 0.000043 0.999903 -0.013931 16.503401 0.057384 0.013905 0.998255 0.000000 0.000000 0.000000 0.000000 1.000000
0.998123 -0.004129 -0.061107 -0.000000 0.003570 0.999951 -0.009268 16.503401 0.061142 0.009033 0.998088 0.000000 0.000000 0.000000 0.000000 1.000000
0.998099 -0.007347 -0.061199 0.000000 0.007294 0.999973 -0.001088 16.503401 0.061205 0.000639 0.998125 0.000000 0.000000 0.000000 0.000000 1.000000
0.998248 -0.011656 -0.058002 0.000000 0.012029 0.999909 0.006094 16.503401 0.057925 -0.006781 0.998298 0.000000 0.000000 0.000000 0.000000 1.000000
0.998463 -0.018101 -0.052377 -0.000000 0.018683 0.999769 0.010644 16.503401 0.052173 -0.011606 0.998571 0.000000 0.000000 0.000000 0.000000 1.000000
0.998674 -0.023424 -0.045840 0.000000 0.023911 0.999663 0.010105 16.503401 0.045588 -0.011188 0.998898 -0.000000 0.000000 0.000000 0.000000 1.000000
0.998910 -0.025472 -0.039104 0.000000 0.025780 0.999640 0.007387 16.503401 0.038902 -0.008387 0.999208 0.000000 0.000000 0.000000 0.000000 1.000000
0.999156 -0.025827 -0.031956 0.000000 0.025925 0.999660 0.002670 16.503401 0.031876 -0.003496 0.999486 0.000000 0.000000 0.000000 0.000000 1.000000
0.999464 -0.022952 -0.023333 0.000000 0.022938 0.999737 -0.000876 16.503401 0.023347 0.000341 0.999727 0.000000 0.000000 0.000000 0.000000 1.000000
0.999734 -0.019002 -0.013037 0.000000 0.018945 0.999811 -0.004474 16.503401 0.013120 0.004226 0.999905 0.000000 0.000000 0.000000 0.000000 1.000000
0.999896 -0.014361 -0.001200 0.000000 0.014355 0.999883 -0.005218 16.503401 0.001275 0.005200 0.999986 0.000000 0.000000 0.000000 0.000000 1.000000
0.999889 -0.009560 0.011396 0.000000 0.009636 0.999931 -0.006716 16.503401 -0.011331 0.006825 0.999913 0.000000 0.000000 0.000000 0.000000 1.000000</float_array>
        <technique_common>
          <accessor source="#mixamorig_Spine2-Matrix-animation-output-transform-array" count="42" stride="16">
            <param type="float4x4"/>
          </accessor>
        </technique_common>
      </source>
      <source id="mixamorig_Spine2-Interpolations">
        <Name_array id="mixamorig_Spine2-Interpolations-array" count="42">
 LINEAR LINEAR LINEAR LINEAR LINEAR LINEAR LINEAR LINEAR LINEAR LINEAR LINEAR
LINEAR LINEAR LINEAR LINEAR LINEAR LINEAR LINEAR LINEAR LINEAR LINEAR LINEAR LINEAR
LINEAR LINEAR LINEAR LINEAR LINEAR LINEAR LINEAR LINEAR LINEAR LINEAR LINEAR LINEAR
LINEAR LINEAR LINEAR LINEAR LINEAR LINEAR LINEAR</Name_array>
        <technique_common>
          <accessor source="#mixamorig_Spine2-Interpolations-array" count="42">
            <param type="name"/>
          </accessor>
        </technique_common>
      </source>
      <sampler id="mixamorig_Spine2-Matrix-animation-transform">
        <input semantic="INPUT" source="#mixamorig_Spine2-Matrix-animation-input"/>
        <input semantic="OUTPUT" source="#mixamorig_Spine2-Matrix-animation-output-transform"/>
        <input semantic="INTERPOLATION" source="#mixamorig_Spine2-Interpolations"/>
      </sampler>
      <channel source="#mixamorig_Spine2-Matrix-animation-transform" target="mixamorig_Spine2/matrix"/>
    </animation>
    <animation id="mixamorig_Neck-anim" name="mixamorig_Neck">
      <source id="mixamorig_Neck-Matrix-animation-input">
        <float_array id="mixamorig_Neck-Matrix-animation-input-array" count="42">

0.000000 0.033333 0.066667 0.100000 0.133333 0.166667 0.200000 0.233333 0.266667 0.300000 0.333333 0.366667 0.400000 0.433333 0.466667 0.500000
0.533333 0.566667 0.600000 0.633333 0.666667 0.700000 0.733333 0.766667 0.800000 0.833333 0.866667 0.900000 0.933333 0.966667 1.000000 1.033333
1.066667 1.100000 1.133333 1.166667 1.200000 1.233333 1.266667 1.300000 1.333333 1.366667</float_array>
        <technique_common>
          <accessor source="#mixamorig_Neck-Matrix-animation-input-array" count="42">
            <param name="TIME" type="float"/>
          </accessor>
        </technique_common>
      </source>
      <source id="mixamorig_Neck-Matrix-animation-output-transform">
        <float_array id="mixamorig_Neck-Matrix-animation-output-transform-array" count="672">

0.999746 0.021083 -0.007958 0.000000 -0.021623 0.996919 -0.075392 18.566299 0.006344 0.075545 0.997122 -0.000000 0.000000 0.000000 0.000000 1.000000
0.999895 0.009950 -0.010514 -0.000000 -0.010766 0.996684 -0.080652 18.566299 0.009676 0.080757 0.996687 -0.000000 0.000000 0.000000 0.000000 1.000000
0.999902 -0.003544 -0.013514 -0.000000 0.002390 0.996422 -0.084485 18.566299 0.013765 0.084444 0.996333 0.000000 0.000000 0.000000 0.000000 1.000000
0.999800 -0.012497 -0.015625 0.000000 0.011028 0.995806 -0.090822 18.566299 0.016695 0.090632 0.995745 0.000000 0.000000 0.000000 0.000000 1.000000
0.999622 -0.021286 -0.017398 0.000000 0.019389 0.994520 -0.102731 18.566299 0.019490 0.102355 0.994557 0.000000 0.000000 0.000000 0.000000 1.000000
0.999280 -0.032411 -0.019723 0.000000 0.030075 0.993584 -0.109022 18.566299 0.023130 0.108350 0.993844 0.000000 0.000000 0.000000 0.000000 1.000000
0.998723 -0.045164 -0.022630 0.000000 0.042253 0.992373 -0.115807 18.566299 0.027687 0.114703 0.993014 -0.000000 0.000000 0.000000 0.000000 1.000000
0.997899 -0.059208 -0.026293 -0.000000 0.055562 0.990898 -0.122614 18.566299 0.033313 0.120896 0.992106 -0.000000 0.000000 0.000000 0.000000 1.000000
0.996802 -0.073762 -0.030727 0.000000 0.069558 0.990254 -0.120657 18.566299 0.039328 0.118134 0.992219 -0.000000 0.000000 0.000000 0.000000 1.000000
0.995891 -0.083678 -0.034626 0.000000 0.079390 0.990677 -0.110709 18.566299 0.043567 0.107505 0.993250 0.000000 0.000000 0.000000 0.000000 1.000000
0.995398 -0.088276 -0.037282 0.000000 0.084404 0.991886 -0.095067 18.566299 0.045371 0.091483 0.994772 0.000000 0.000000 0.000000 0.000000 1.000000
0.995743 -0.084397 -0.037051 0.000000 0.081124 0.993294 -0.082378 18.566299 0.043755 0.079022 0.995912 0.000000 0.000000 0.000000 0.000000 1.000000
0.996239 -0.079295 -0.034921 0.000000 0.076069 0.993418 -0.085645 18.566299 0.041482 0.082666 0.995714 -0.000000 0.000000 0.000000 0.000000 1.000000
0.996348 -0.078972 -0.032482 0.000000 0.075574 0.992595 -0.095097 18.566299 0.039752 0.092295 0.994938 -0.000000 0.000000 0.000000 0.000000 1.000000
0.996425 -0.079069 -0.029749 0.000000 0.075688 0.991962 -0.101402 18.566299 0.037528 0.098788 0.994401 0.000000 0.000000 0.000000 0.000000 1.000000
0.997681 -0.063625 -0.024162 0.000000 0.061142 0.993839 -0.092439 18.566299 0.029895 0.090747 0.995425 0.000000 0.000000 0.000000 0.000000 1.000000
0.998776 -0.046228 -0.017613 0.000000 0.044447 0.994882 -0.090743 18.566299 0.021718 0.089849 0.995719 0.000000 0.000000 0.000000 0.000000 1.000000
0.999314 -0.034945 -0.012254 0.000000 0.033625 0.994906 -0.095037 18.566299 0.015513 0.094560 0.995398 0.000000 0.000000 0.000000 0.000000 1.000000
0.999562 -0.028493 -0.008037 0.000000 0.027482 0.993991 -0.105951 18.566299 0.011007 0.105684 0.994339 0.000000 0.000000 0.000000 0.000000 1.000000
0.999846 -0.017313 -0.002833 0.000000 0.016873 0.993229 -0.114941 18.566299 0.004804 0.114876 0.993368 0.000000 0.000000 0.000000 0.000000 1.000000
0.999943 -0.010612 0.001235 0.000000 0.010683 0.991737 -0.127844 18.566299 0.000132 0.127850 0.991793 0.000000 0.000000 0.000000 0.000000 1.000000
0.999966 -0.006840 0.004611 0.000000 0.007383 0.991450 -0.130279 18.566299 -0.003681 0.130309 0.991467 0.000000 0.000000 0.000000 0.000000 1.000000
0.999953 -0.006751 0.006972 -0.000000 0.007619 0.991095 -0.132938 18.566299 -0.006013 0.132985 0.991100 0.000000 0.000000 0.000000 0.000000 1.000000
0.999941 -0.006019 0.009084 0.000000 0.007154 0.991401 -0.130662 18.566299 -0.008220 0.130720 0.991385 0.000000 0.000000 0.000000 0.000000 1.000000
0.999936 -0.001668 0.011230 0.000000 0.003138 0.991217 -0.132207 18.566299 -0.010911 0.132234 0.991158 0.000000 0.000000 0.000000 0.000000 1.000000
0.999854 0.009775 0.014020 0.000000 -0.007884 0.991604 -0.129074 18.566299 -0.015164 0.128944 0.991536 0.000000 0.000000 0.000000 0.000000 1.000000
0.999716 0.018063 0.015563 0.000000 -0.015919 0.991608 -0.128294 18.566299 -0.017749 0.128009 0.991614 -0.000000 0.000000 0.000000 0.000000 1.000000
